00000000010000
00000000011011
00000000101101
00000000101011
00000000100100
00000001000101
00000010000111
00000000011000
00000000010111
00000000101001
00000000101111
00000001001011
00000000011101
00000000011110
00000000100011
00000000100110
00000001000100
00001000001101
00010000000001
00010000001100
00001000000000
00000010001010
00000100001010
00000100001011
00010000000111
00001000001000
00000010000011
00000010001101
00010000000011
00001000001010
00001000000111
00000010001100
