00000000010000
00000000011011
00000000101101
00000000101011
00000000100100
00000001000101
00000010000111
00000000011000
00000000010111
00000000101001
00000000101111
00000001001011
00000000011101
00000000011110
00000000100011
00000000100110
00000001000100
00001000001101
00010000000001
00010000001100
00001000000000
00000010001010
00000100001010
00000100001011
00010000000111
00001000001000
00000010000011
00000010001101
00010000000011
00001000001010
00001000000111
00000010001100
00000000011001
00000000010110
00000000100000
00000001001110
00000001001000
00000001001100
00000000011111
00000000010001
00000000101010
00000000101100
00000000100111
00000001001011
00000000010011
00000000101110
00000000100101
00000001001010
00000001001101
00001000001110
00010000000100
00010000001111
00001000001001
00000010001000
00000100001001
00000100000001
00010000001101
00001000000011
00000010000000
00000010000100
00010000000101
00001000000001
00000010001001
00000010000101
00000000010010
00000000010100
00000000100010
00000001000000
00000001000011
00000001001111
00000000011010
00000000011100
00000000100001
00000001000110
00000001000001
00000010000110
00000000010101
00000000101000
00000001001001
00000001000010
00001000000110
00001000001111
00010000000110
00001000001100
00001000001011
00000010001011
00000100001000
00001000000010
00010000000010
00001000000101
00000010000010
00000100000000
00010000001110
00001000000100
00000010000001
00000100000110
00000010001110
00000010001111
00010000000010
00010000000000
00000100000011
00000100000100
00000100001100
00000100001101
00010000001000
00010000001001
00010000001010
00010000001011
00000100001110
00000100000101
00000100000111
00000100001111
00100000001011
00100000000001
00100000000011
00100000000101
00100000001111
01000000001000
01000000001011
01000000000001
01000000000011
01000000000101
01000000000111
01000000001101
01000000001111
10000000000001
10000000000011
10000000000101
10000000000110
00100000001000
00100000000000
00100000000010
00100000000100
00100000000110
00100000000111
00100000001100
00100000001101
00100000001110
01000000001010
01000000001001
01000000000000
01000000000010
01000000000100
01000000000110
01000000001100
01000000001110
10000000000000
10000000000010
10000000000100
10000000000111
00100000001010
00100000001001