00000000011001
00000000010110
00000000100000
00000001001110
00000001001000
00000001001100
00000000011111
00000000010001
00000000101010
00000000101100
00000000100111
00000001001011
00000000010011
00000000101110
00000000100101
00000001001010
00000001001101
00001000001110
00010000000100
00010000001111
00001000001001
00000010001000
00000100001001
00000100000001
00010000001101
00001000000011
00000010000000
00000010000100
00010000000101
00001000000001
00000010001001
00000010000101
