00000000010010
00000000010100
00000000100010
00000001000000
00000001000011
00000001001111
00000000011010
00000000011100
00000000100001
00000001000110
00000001000001
00000010000110
00000000010101
00000000101000
00000001001001
00000001000010
00001000000110
00001000001111
00010000000110
00001000001100
00001000001011
00000010001011
00000100001000
00001000000010
00010000000010
00001000000101
00000010000010
00000100000000
00010000001110
00001000000100
00000010000001
00000100000110
