00000010001110
00000010001111
00010000000010
00010000000000
00000100000011
00000100000100
00000100001100
00000100001101
00010000001000
00010000001001
00010000001010
00010000001011
00000100001110
00000100000101
00000100000111
00000100001111
00100000001011
00100000000001
00100000000011
00100000000101
00100000001111
01000000001000
01000000001011
01000000000001
01000000000011
01000000000101
01000000000111
01000000001101
01000000001111
10000000000001
10000000000011
10000000000101
10000000000110
00100000001000
00100000000000
00100000000010
00100000000100
00100000000110
00100000000111
00100000001100
00100000001101
00100000001110
01000000001010
01000000001001
01000000000000
01000000000010
01000000000100
01000000000110
01000000001100
01000000001110
10000000000000
10000000000010
10000000000100
10000000000111
00100000001010
00100000001001